246
247
326
327
329
330
594
595
596
597
598
599
600
602
606
607
608
609
610
622
623
624
626
685
686
712
713
714
719
720
771
772
844
845
846
5026
5001
5002
5003
5004
5005
5014
5015
5016
5017
5018
5020
5021
5022
5023
5024
203
232
233
234
235
236
237
238
239
240
241
242
243
244
245,246,247
248
249
250
296
298
322
323
325,326,327
328,329,330
526
527
589
590
591
593,594,595,596,597,598,599,600
601,602
603
604
605,606,607,608,609,610
611
612
613
616
617
618
619
621,622,623,624
625,626
637
638
670
671
684,686,685
687
688
689
702
703
704
705
706
710
711,712,713,714
715
716
717
718,719,720
721
722
724
725
726
728
729
730
731
733
735
736
761
762
763
768
769
770,771,772
783
842
843,844,845,846
847
848
849
850
851
852,5026
853
854
855
858
859
860
861
862
867
868
869
870
879
880
881
882
883
884
1040
1041
1058
5000,5001,5002,5003,5004,5005
5013,5014,5015,5016,5017,5018
5019,5020,5021,5022,5023,5024
5025
5027
5028
144
145
199
200
202,203
204
205
219
220
221
222
223
226
231,244,245,248,249,250,246,247,232,233,234,235,236,237,238,239,240,241,242,243
251
276
281
282
285
286
289
290
292
293
295,296
297,298
300
301
302
303
305
318
319
321,323,322
324,326,327,329,330,325,328
332
333
335
336
337
338
340
341
343
344
352
357
358
360
361
362
364
365
369
370
397
463
466
467
512
513
514
516
517
518
519
520
521
522
523
524
525,526,527
528
529
588,589,590,591
592,594,595,596,597,598,599,600,602,606,607,608,609,610,593,601,603,604,605,611,612,613
614
615,616,617,618,619
620,622,623,624,626,621,625
628
629
630
631
635
636,637,638
639
640
641
642
643
644
645
650
652
653
654
657
658
659
662
663
664
668
669,670,671
672
673
677
678
682
683,684,687,688,689,685,686
690
691
695
696
697
698
699
700
701,702,703,704,705,706
708
709,710,711,715,716,717,718,721,722,712,713,714,719,720
723,724,725,726
727,730,731,728,729
732,733
734,735,736
737
738
740
741
742
743
744
746
753
754
756
757
758
759
760,761,762,763
764
765
766
767,768,769,770,771,772
776
777
779
780
782,783
793
809
810
811
812
813
839
840
841,844,845,846,5026,842,843,847,848,849,850,851,852,853,854,855
857,858,859,860,861,862
864
865
866,867,868,869,870
871
872
873
874
875
876
877
878,879,880,881,882,883,884
885
886
888
889
890
891
892
893
894
924
925
950
951
952
998
999
1001
1002
1003
1026
1027
1028
1029
1030
1031
1032
1033
1034
1035
1036
1037
1038
1039,1040,1041
1051
1052
1054
1055
1057,1058
5012,5013,5019,5014,5015,5016,5017,5018,5020,5021,5022,5023,5024
30
31
32
47
48
67
68
69
110
111
143,145,144
198,199,200
201,203,202,204,205
206
207
208
211
217,5025
218,219,220,221,222,223
225,226
227
228
230,246,247,237,231,233,251,232,236,234,235,238,239,240,241,243,244,245,248,249,250,242
252
256
257
262
263
264
269
271
274
275,276
277
279
280,282,281
283
284,285,286
288,289,290
291,292,293
294,297,296,298,295
299,300,301,302,303
304,305
308
309
310
317,318,319
320,326,327,329,330,322,321,324,328,323,325
331,332,333
334,335,336,337,338
339,340,341
342,343,344
345
347
348
349
350
351,352
353
354
355
356,357,358
359,361,362,360
363,364,365
366
367
368,369,370
371
372
373
392
393
394
396,397
398
399
400
401
402
423
424
425
426
440
459
460
462,463
464
465,466,467
470
491
492
493
494
495
496
499
507
508
511,512,513,514,516,517,518,519,520,521,522,523,524,525,528,529,526,527
549
550
551
569
570
579
580
581
582
583
584
585
587,594,595,596,597,598,599,600,602,606,607,608,609,610,622,623,624,626,5027,5028,589,590,591,593,601,603,604,605,611,612,613,616,617,618,619,621,625,588,592,614,615,620
627,630,631,628,629
634,643,644,645,638,637,635,636,639,640,641,642
646
647
649,650
651,652,653,654
656,658,659,657
660
661,662,663,664
665
667,670,671,668,669,672,673
675
676,677,678
680
681,684,687,688,689,682,683,690,691,685,686
692
694,702,703,704,705,706,695,696,697,698,699,700,701
707,712,713,714,719,720,708,709,723,727,732,734,737,738,710,711,715,716,717,718,721,722,724,725,726,728,729,730,731,733,735,736
739,740,741,742,743,744,746
748
749
750
751
752,753,754
755,768,769,770,756,757,758,759,760,764,765,766,767,771,772,761,762,763
775,777,776
778,779,780
781,782,783
792,793
794
795
796
804
805
808,812,813,809,810,811
814
838,844,845,839,840,841,843,847,848,849,850,851,852,853,854,855,846,5026,842
856,857,858,859,860,861,862
863,867,868,869,870,879,880,881,882,883,884,5000,5001,5002,5003,5004,5005,864,865,866,871,872,873,874,875,876,877,878,885,886
887,888,889,890,891,892,893,894
899
900
902
903
904
905
917
918
920
921
922
923,924,925
926
949,950,951,952
953
954
957
958
959
960
989
990
991
992
997,999,998
1000,1001,1002,1003
1004
1005
1008
1012
1013
1014
1018
1019
1020
1021
1023
1024
1025,1026,1027,1028,1029,1030,1031,1032,1033,1034,1035,1036,1037,1038,1039,1040,1041
1043
1044
1050,1051,1052
1053,1054,1055
1056,1058,1057
1061
1062
1063
2921
5011,5013,5019,5014,5015,5016,5017,5018,5020,5021,5022,5023,5024,5012
21
22
23
24
25
26
27
28
29,30,31,32
33
34
35
36
37
38
39
40
41
42
44
45
46,47,48
51
52
54
55
57
66,67,68,69
73
74
78
79
80
96
97
98
99
100
101
102
103
104
105
106
107
108
109,110,111
112
113
114
116
117
118
138
139
140
141
142,145,143,144
166
167
168
176
177
183
184
190
191
192
193
195
196
197,198,201,206,207,208,199,200,202,204,205,203
209
210,211
212
213
214
215
216,5025,217,218,219,220,221,222,223
224,226,225,227,228
229,246,247,230,252,237,232,231,251,235,233,234,238,236,239,240,241,243,244,245,248,249,250,242
253
254
255,256,257
258
259
260
261,262,263,264
268,269
270,271
272
273,275,277,276,274
278,286,281,282,285,279,280,283,284
287,294,299,304,301,302,303,305,296,291,297,300,298,293,289,290,292,288,295
306
307,308,309,310
311
312
313
314
316,326,327,329,330,317,320,331,334,339,342,345,318,319,321,324,332,333,335,336,337,338,340,341,343,344,322,323,325,328
346,347,348,349,350,351,353,354,355,356,359,363,366,367,368,371,372,373,352,357,358,360,361,362,364,365,369,370
378
379
382
383
391,394,392,393
395,396,398,399,400,401,402,397
406
407
408
409
410
420
422,424,425,426,423
427
428
429
433
434
435
436
437
438
439,440
441
442
444
445
446
447
458,459,460
461,466,467,462,464,465,463
468
469,470
471
474
476
479
480
481
483
484
485
486
487
489
490,491,492,493,494,495,496
498,499
500
501
502
503
504
505
506,507,508
510,512,513,514,516,517,518,519,520,521,522,523,524,525,528,529,526,527,511
532
537
538
548,549,550,551
552
553
554
555
556
557
558
559
560
561
562
563
564
565
566
567
568,570,569
571
574
575
576
578,579,580,581,582,583,584,585
586,594,595,596,597,598,599,600,602,606,607,608,609,610,622,623,624,626,5027,5028,589,590,591,593,601,603,604,605,611,612,613,616,617,618,619,621,625,587,627,588,592,614,615,620,628,629,630,631
632
633,643,644,645,634,646,647,638,637,635,636,639,640,641,642
648,650,652,653,654,649,651
655,657,658,659,662,663,664,656,660,661,665
666,670,671,668,669,672,673,667
674,677,678,675,676
679,684,687,688,689,682,683,690,680,681,692,691,685,686
693,713,714,719,720,695,696,697,698,699,700,701,708,709,723,727,732,734,737,738,740,741,742,743,744,746,735,731,702,703,704,705,706,710,711,715,716,717,718,721,722,724,725,726,728,729,730,694,707,739,736,712,733
747,752,755,768,769,770,771,772,753,754,756,757,758,759,760,764,765,766,767,763,761,762,748,749,750,751
773
774,775,778,781,783,776,777,779,780,782
785
786
787
791,792,794,795,796,793
797
798
799
800
801
802
803,804,805
806
807,812,813,808,814,809,810,811
815
816
818
819
820
821
822
824
825
826
828
829
830
831
832
835
836
837,842,843,847,848,849,850,851,852,853,838,856,863,887,854,855,858,859,860,861,862,867,868,869,870,879,880,881,882,883,5000,884,844,5001,5002,5003,5004,5005,845,846,5026,839,840,841,857,864,865,866,871,872,873,874,875,876,877,878,885,886,888,889,890,891,892,893,894
896
897
898,899,900
901,902,903,904,905
906
907
908
909
910
912
913
916,918,917
919,924,925,920,921,922,923,926
927
928
929
930
931
932
933
934
935
936
937
938
939
940
941
942
943
944
945
946
947
948,954,949,950,951,952,953
955
956,957,958,959,960
981
982
983
984
985
986
987
988,992,989,990,991
994
995
996,999,1001,1002,1003,997,1000,1004,1005,998
1006
1007,1008
1009
1010
1011,1014,1012,1013
1015
1016
1017,1018,1019,1020,1021
1022,1026,1027,1028,1029,1030,1031,1032,1033,1034,1035,1036,1037,1038,1039,1023,1024,1025,1040,1041
1042,1043,1044
1045
1046
1047
1048
1049,1058,1051,1052,1054,1055,1057,1050,1053,1056
1059
1060,1061,1062,1063
5010,5011,5013,5019,5014,5015,5016,5017,5018,5020,5021,5022,5023,5024,5012
6
7
8
13
16
17
20,21,22,23,24,25,26,27,28,29,33,34,35,36,37,38,39,40,41,42,30,31,32
43,44,45,46,47,48
50,51,52
53,54,55
56,57
58
59
65,67,66,68,69
70
71
72,73,74
75
76
77,78,79,80
81
82
83
84
85
86
87
88
89
91
92
93
95,110,111,96,97,98,99,100,101,102,103,104,105,106,107,108,109,112,113,114
115,116,117,118
124
125
127
128
129
130
131
132
133
134
135
136
137,143,144,145,138,139,140,141,142
147
148
149
151
153
154
155
159
160
161
162
163
164
165,166,167,168
171
172
173
174
175,177,176
178
179
180
181
182,183,184
187
188
189,190,191,192,193
194,246,247,198,201,206,207,195,196,197,209,210,212,213,214,215,216,224,229,253,254,255,258,259,260,261,257,262,263,264,242,232,5025,199,200,202,204,205,219,220,208,221,222,223,226,211,231,251,203,233,217,234,235,236,237,218,238,239,240,241,225,244,245,248,249,227,250,228,230,252,256,243
267,279,280,269,271,274,275,277,268,270,272,273,278,287,306,307,311,312,313,314,308,309,310,294,299,304,288,291,276,281,282,285,286,289,290,292,293,295,297,300,301,302,303,305,296,298,284,283
315,326,327,329,330,316,346,331,334,320,317,339,342,345,347,348,349,350,351,353,354,355,363,356,359,366,367,368,371,372,373,318,319,321,324,332,333,335,336,337,338,340,341,343,344,352,357,358,360,361,362,364,365,369,370,322,323,325,328
375
376
377,378,379
380
381,382,383
384
385
386
387
388
389
390,394,396,398,399,400,401,402,391,395,397,392,393
403
404
405,406,407,408,409,410
411
412
413
414
415
416
417
419,420
421,423,424,425,426,422,427,428,429
431
432,2921,442,440,433,434,435,436,437,438,439,441
443,444,445,446,447
449
450
451
452
453
455
456
457,466,467,458,461,468,469,471,459,460,462,464,465,470,463
472
473,474
475,476
477
478,479,480,481
482,483,484,485,486,487
488,496,491,492,493,489,490,494,495
497,499,507,508,498,500,501,502,503,504,505,506
509,512,513,514,516,517,518,519,520,521,522,523,524,525,528,529,526,527,511,510,532
533
534
535
536,537,538
539
540
541
542
543
546
547,549,550,551,569,570,548,552,553,554,555,556,557,558,559,560,561,562,563,564,565,566,567,568,571
572
573,574,575,576
577,752,755,775,778,781,594,595,596,597,598,599,600,602,606,607,608,609,610,622,623,624,626,685,686,712,713,714,719,720,771,772,589,590,591,593,601,603,604,605,611,612,613,616,617,618,619,621,625,637,638,670,671,684,687,688,689,702,703,704,705,706,710,711,715,716,717,718,721,722,724,725,726,728,729,730,731,733,735,736,761,762,763,768,769,770,783,5027,5028,639,641,640,630,631,635,636,588,592,614,615,620,628,629,578,586,632,633,648,655,666,674,679,693,747,773,774,652,653,654,658,659,662,663,664,668,657,669,673,677,678,682,683,690,691,695,650,696,697,698,700,701,708,709,723,727,732,734,737,738,740,741,742,743,744,746,753,754,756,757,758,759,760,764,765,766,767,776,777,779,780,782,644,642,672,645,643,699,579,580,581,582,583,584,585,587,627,634,646,647,649,651,656,660,661,665,667,675,676,680,681,692,694,707,739,748,749,750,751
784,785,786,787
789
790,792,794,795,791,797,805,798,799,800,801,802,803,806,807,815,816,814,796,793,809,804,810,811,812,813,808
817,818,819,820,821,822
823,824,825,826
827,832,828,829,830,831
833
834,842,843,847,848,849,850,851,852,853,838,856,863,887,854,855,858,859,860,861,862,867,868,869,870,879,880,881,882,883,835,836,837,5000,5001,5002,5003,5004,5005,844,845,846,5026,839,840,841,857,864,865,866,871,872,873,874,875,876,877,878,885,886,888,889,890,891,892,893,894,884
895,896,897,898,901,906,907,908,909,910,899,900,902,903,904,905
911,912,913
914
915,917,918,920,921,922,923,926,949,953,954,957,958,959,960,916,919,927,928,929,930,931,932,933,934,935,936,937,938,939,940,941,942,943,944,945,946,947,948,955,956,924,925,950,951,952
978
979
980,989,990,991,992,981,982,983,984,985,986,987,988
993,1035,1040,1041,1058,1034,997,1000,1004,1005,1008,1012,1013,1014,1018,1019,1020,1021,1023,1024,1025,1043,1044,1050,1053,1056,1061,1062,1063,994,995,996,1006,1007,1009,1010,1011,1015,1016,1017,1022,1042,1045,1046,1047,1048,1049,1059,1060,998,999,1001,1002,1003,1026,1027,1028,1029,1030,1031,1032,1033,1051,1052,1054,1055,1057,1036,1037,1038,1039
1065
1070
1071
2
3
5,8,6,7
9
10
11
12,13
14
15,16,17
19,21,22,23,24,25,26,27,28,29,33,34,35,36,37,38,39,40,41,42,44,45,46,20,43,30,31,32,47,48
49,50,53,56,58,59,51,52,54,55,57
61
62
64,87,88,89,68,69,66,73,74,78,79,80,67,65,70,71,72,75,76,77,81,82,83,84,85,86
90,91,92,93
94,110,111,95,115,96,97,98,99,100,101,102,103,104,105,106,107,108,109,112,113,114,116,117,118
119
120
121
122
123,124,125
126,143,144,145,127,128,129,130,131,132,133,134,135,136,137,138,139,140,141,142
146,147,148,149
150,151
152,153,154,155
156
157
158,163,164,165,166,160,161,159,167,168,162
169
170,177,183,184,171,172,173,174,175,178,179,180,181,182,176
185
186,246,203,247,198,201,206,193,195,196,197,209,210,212,213,214,215,216,224,229,253,254,255,258,259,260,261,257,262,263,264,242,232,233,190,5025,191,199,207,200,187,188,189,194,208,202,204,192,211,205,219,220,221,217,223,226,231,251,218,235,236,237,238,225,240,241,244,245,227,248,249,250,228,239,234,230,252,256,243,222
265
266,326,327,329,330,296,298,322,323,325,328,268,270,272,273,278,287,306,307,311,312,313,314,316,346,276,281,282,285,286,289,290,292,293,295,297,300,301,302,303,305,318,319,321,324,332,333,335,336,337,338,340,341,343,344,352,357,358,360,361,362,364,365,369,370,269,271,274,275,277,279,280,283,284,288,291,294,299,304,308,309,310,317,320,331,334,339,342,345,347,348,349,350,267,315,351,353,354,355,356,359,367,368,371,363,373,372,366
374,378,379,382,383,391,395,406,407,408,409,410,375,376,377,380,381,384,385,386,387,388,389,390,403,404,405,411,412,413,414,415,416,417,392,393,398,399,400,401,394,396,397,402
418,423,424,419,421,425,426,420,422,427,428,429
430,2921,442,444,445,446,447,431,432,443,440,433,434,435,436,437,438,439,441
448,449,450,451,452,453
454,526,527,537,514,538,458,461,468,469,471,474,476,479,480,481,483,484,485,486,487,489,490,498,500,501,502,503,504,505,506,510,532,463,466,467,512,513,516,517,518,519,520,521,522,523,524,525,528,529,499,507,459,460,462,464,465,470,491,492,493,494,495,496,455,456,508,511,457,472,473,475,477,478,482,488,497,509,533,534,535,536,539,540,541,542,543
545,752,755,775,778,781,594,595,596,597,598,599,600,602,606,607,608,609,610,622,623,624,626,685,686,712,713,714,719,720,771,772,589,590,591,593,601,603,604,605,611,612,613,616,617,618,619,621,625,637,638,670,671,684,687,688,689,702,703,704,705,706,710,711,715,716,717,718,721,722,724,725,726,728,729,730,731,631,733,735,736,761,575,762,763,768,769,770,783,635,5027,5028,636,639,586,641,568,629,571,640,630,548,552,553,554,555,556,557,558,559,560,561,562,563,564,565,588,592,614,615,620,628,576,578,566,632,567,648,655,574,674,679,693,747,773,774,785,786,787,633,642,643,645,650,652,666,644,658,659,662,663,677,678,673,669,672,682,683,690,691,695,696,697,698,699,653,700,701,723,727,654,732,734,737,738,657,740,741,742,743,744,746,753,754,756,757,758,759,760,764,765,766,767,777,776,779,780,782,664,668,708,709,546,547,572,573,577,784,549,550,551,569,570,579,580,581,582,583,584,585,587,627,634,646,647,649,651,656,660,661,665,667,675,676,680,681,692,694,707,739,748,749,750,751
788,792,794,795,796,804,805,808,814,838,856,863,887,899,900,902,903,904,905,917,918,920,921,922,923,926,949,953,954,957,958,959,960,5001,5002,5003,5004,5014,5015,5016,5017,5018,5020,5021,5022,5023,5024,793,5011,812,813,839,842,843,847,848,849,850,851,852,853,854,855,858,859,860,861,862,867,868,869,870,879,880,881,882,883,884,5000,5013,5019,844,845,846,5026,5005,950,791,797,798,799,800,801,802,803,806,807,815,816,818,819,820,821,822,824,825,826,828,829,830,831,832,835,836,837,896,897,898,901,906,907,908,909,910,912,913,916,919,927,928,929,930,931,932,933,934,935,936,937,938,809,810,811,939,940,941,942,943,944,945,946,947,948,955,956,840,841,857,864,865,866,871,872,873,874,875,876,877,878,885,886,888,889,890,891,892,893,894,924,925,5010,951,952,5012,789,790,817,823,827,833,834,895,911,914,915
963
964
965
967
970
971
974
975
976
977,989,990,991,992,997,1000,1004,1005,1008,1012,1013,1014,1018,1019,1020,1021,1023,1024,1025,1043,1044,1050,1053,1056,1061,1062,1063,1040,1041,1058,1030,1034,1037,981,982,983,984,985,986,987,988,994,995,996,1006,1007,1009,1010,1011,1015,1016,1017,1022,1042,1045,1046,1047,1048,1049,1059,1060,998,999,1001,1002,1003,1026,1027,1028,1035,1036,1029,1038,1039,1031,1032,1033,1051,1052,1054,1055,1057,978,979,980,993
1064,1065
1067
1068
1069,1070,1071
1073
1074
1075
1076
1077
1078
1082
1085
1087
1088
1,2,3
4,5,9,10,11,12,14,15,8,6,7,13,16,17
18,19,49,21,22,23,24,25,26,27,28,29,33,34,35,36,37,38,39,40,41,42,44,45,46,51,52,54,55,57,20,43,50,53,56,58,59,30,31,32,47,48
60,61,62
63,246,247,326,327,329,330,203,232,233,234,235,236,237,238,239,240,241,242,243,244,245,248,249,250,296,298,322,323,325,328,526,527,5025,144,145,199,200,202,204,205,219,220,221,222,223,226,231,251,276,281,282,285,286,289,290,292,293,295,297,300,301,302,303,305,318,319,321,324,332,333,335,336,337,338,340,341,343,344,352,357,358,360,361,362,364,365,369,370,397,463,466,467,512,513,514,516,517,518,519,520,521,522,523,524,525,528,529,67,68,69,110,111,143,198,201,206,207,208,211,217,218,225,227,228,230,252,256,257,262,263,264,269,271,274,275,277,279,280,283,284,288,291,294,299,304,308,309,310,317,320,331,334,339,342,345,347,348,349,350,351,353,354,355,356,359,363,366,367,368,371,372,373,392,393,394,396,398,399,400,401,402,423,424,425,426,440,459,460,462,464,465,470,491,492,493,494,495,496,499,507,508,511,2921,66,73,74,78,79,80,96,97,98,99,100,101,102,103,104,105,106,107,108,109,112,113,114,116,117,118,138,139,140,141,142,166,167,168,176,177,183,184,190,191,192,193,195,196,197,209,210,212,213,214,215,216,224,229,253,254,255,258,259,260,261,268,270,272,273,278,287,306,307,311,312,313,314,316,346,378,379,382,383,391,395,406,407,408,409,410,420,422,427,428,429,433,434,435,436,437,438,439,441,442,444,445,446,447,458,461,468,469,471,474,476,479,480,481,483,484,485,486,487,489,490,498,500,501,502,503,504,505,506,510,532,537,538,65,70,71,72,75,76,77,81,82,83,84,85,86,87,88,89,91,92,93,95,115,124,125,127,128,129,130,131,132,133,134,135,136,137,147,148,149,151,153,154,155,159,160,161,162,163,164,165,171,172,173,174,175,178,179,180,181,182,187,188,189,194,267,315,375,376,377,380,381,384,385,386,387,388,389,390,403,404,405,411,412,413,414,415,416,417,419,421,431,432,443,449,450,451,452,453,455,456,457,472,473,475,477,478,482,488,497,509,533,534,535,536,539,540,541,542,543,64,90,94,119,120,121,122,123,126,146,150,152,156,157,158,169,170,185,186,265,266,374,418,430,448,454
544,594,595,596,597,598,599,600,602,606,607,608,609,610,622,623,624,626,685,686,712,713,714,719,720,771,772,844,845,846,5026,5001,5002,5003,5004,5005,5014,5015,5016,5017,5018,5020,5021,5022,5023,5024,589,590,591,593,601,603,604,605,611,612,613,616,617,618,619,621,625,637,638,670,671,684,687,688,689,702,703,704,705,706,710,711,715,716,717,718,721,722,724,725,726,728,729,730,731,733,735,736,761,762,763,768,769,770,783,842,843,847,848,849,850,851,852,853,854,855,858,859,860,861,862,867,868,869,870,879,880,881,882,883,884,5000,5013,5019,5027,5028,588,592,614,615,620,628,629,630,631,635,636,639,640,641,642,643,644,645,650,652,653,654,657,658,659,662,663,664,668,669,672,673,677,678,682,683,690,691,695,696,697,698,699,700,701,708,709,723,727,732,734,737,738,740,741,742,743,744,746,753,754,756,757,758,759,760,764,765,766,767,776,777,779,780,782,793,809,810,811,812,813,839,840,841,857,864,865,866,871,872,873,874,875,876,877,878,885,886,888,889,890,891,892,893,894,924,925,950,951,952,5012,549,550,551,569,570,579,580,581,582,583,584,585,587,627,634,646,647,649,651,656,660,661,665,667,675,676,680,681,692,694,707,739,748,749,750,751,752,755,775,778,781,792,794,795,796,804,805,808,814,838,856,863,887,899,900,902,903,904,905,917,918,920,921,922,923,926,949,953,954,957,958,959,960,5011,548,552,553,554,555,556,557,558,559,560,561,562,563,564,565,566,567,568,571,574,575,576,578,586,632,633,648,655,666,674,679,693,747,773,774,785,786,787,791,797,798,799,800,801,802,803,806,807,815,816,818,819,820,821,822,824,825,826,828,829,830,831,832,835,836,837,896,897,898,901,906,907,908,909,910,912,913,916,919,927,928,929,930,931,932,933,934,935,936,937,938,939,940,941,942,943,944,945,946,947,948,955,956,5010,546,547,572,573,577,784,789,790,817,823,827,833,834,895,911,914,915,545,788
961
962,963,964,965
966,967
968
969,970,971
972
973,989,990,991,992,997,1000,1004,1005,1008,1012,974,975,976,977,1020,1021,1023,1024,1064,1013,1014,1018,1019,1043,1044,1050,1053,1056,1061,1062,1063,1040,1041,1058,1025,1034,1035,981,982,983,984,985,986,987,988,994,995,996,1006,1007,1009,1010,1011,1015,1016,1017,1022,1042,1045,1046,1047,1048,1049,1059,1060,998,999,1001,1002,1003,1026,1027,1028,1029,1030,1031,1032,1033,1051,1052,1054,1055,1057,1036,1037,1038,1039,978,979,980,993,1065
1066,1067,1068,1069,1070,1071
1072,1073,1074,1075,1076,1077,1078
1079
1080
1081,1082
1083
1084,1085
1086,1088,1087
1089
1090
1091
1092
1093
2747
